            Line          Column            Code                         Token
|-------------------------------------------------------------------------------|

               1               1             401                       PROGRAM
               1               9            1001                    LEXERTEST1
               1              20               1                             ;
               2               5             402                         BEGIN
               3               9             404                          LOOP
               4              13             406                          CASE
               4              18             501                           150
               4              22             407                            OF
               4              25             502                            50
               4              28               2                             *
               4              30             503                            10
               4              32               3                             :
               5              13               4                             /
               6              17             406                          CASE
               6              22            1002                          TEMP
               6              27             407                            OF
               7              17             408                       ENDCASE
               7              25               1                             ;
               8              13               5                             \
               9              13             408                       ENDCASE
               9              21               1                             ;
              10               9             405                       ENDLOOP
              10              17               1                             ;
              11               5             403                           END

|-------------------------------------------------------------------------------|


               No ERROR lexemes to analyze

